0.9824465822808714	1.2922001148951694	-0.01954241610077639	-2.1488704789021633	-8.970926762532322	-2.21692754271122	0.08109463084580709	5.769316247875521
0.9824465822808714	1.2922001148951694	-0.01954241610077639	-2.148870478902162	8.970926762532324	2.2222618834464942	0.08086918326450593	5.8213825864458775
1.0627111761583314	1.420555365990128	-0.0194200205613588	-2.0278477866386733	8.262554906562873	1.8815487547050758	0.084903974181122	6.0917604394637745
1.0627111761583314	1.420555365990128	-0.01942002056135881	-2.0278477866386786	-8.262554906562935	-1.8795256409238998	0.08502282647118567	6.104242649800517
1.1257927965625512	1.4417993178339927	0.01960309271727305	-2.178709645741739	-8.692783115985463	-2.3811833460557015	0.07705619892105257	7.906892487701504
1.1257927965625512	1.4417993178339927	0.019603092717273042	-2.178709645741735	8.692783115985463	2.3811896660682486	0.07705592544650698	7.9068606808764645
1.0534746849384546	1.3540739281126137	-0.019444882642292237	-2.0447101499124054	8.405666896059918	1.6429139318801322	0.09435860601804916	8.623398437288614
1.0534746849384546	1.3540739281126137	-0.019444882642292226	-2.044710149912399	-8.405666896059918	-1.6410909398166549	0.09447160167746539	8.62948960672034
0.8130323467732246	0.8936003676703206	-0.021592291161243587	-3.092399157802544	-10.846125349370867	-0.9785701750961788	0.0979676561625771	9.563839235023494
0.8130323467732246	0.8936003676703206	-0.021592291161243587	-3.092399157802544	10.846125349370867	0.9741746409347556	0.09804571441342294	9.602935787031017
1.0888143737347658	1.4476423426676874	-0.019439598120096584	-2.0373010843256907	8.230157312159614	1.9168637470621182	0.0837570682922792	2.12465257925744
1.0888143737347658	1.4476423426676874	-0.019439598120096584	-2.037301084325692	-8.230157312159614	-1.9178526058922358	0.08369894025998939	2.1251620491137744
0.8566525296319603	0.9432457731228101	0.021597705221031285	-3.095006218796407	-10.445326964365835	-0.9282167079463832	0.10386192125592271	2.4724659780761624
0.8566525296319603	0.9432457731228101	0.021597705221031303	-3.0950062187964136	10.445326964365837	0.9283568085169929	0.10385888721849854	2.473036365126403
1.1253355611368125	1.4805739911674507	-0.019496181046791534	-2.0649495109497678	8.199182263704623	1.929572910120239	0.08322721948211291	4.371249640225759
1.1253355611368125	1.4805739911674507	-0.019496181046791444	-2.0649495109497242	-8.199182263704623	-1.932092605811107	0.08307748826373886	4.395050755327472
0.986960582208166	1.2460449511197178	0.019500714366529975	-2.1333270400820967	9.144421598021262	1.983717426116625	0.08937218316987602	2.0005582352977465
0.986960582208166	1.2460449511197178	0.01950071436652999	-2.1333270400821025	-9.144421598021262	-1.9810566341716633	0.08949076061764247	2.0099037213884876
1.019644353991931	1.3730291437314308	-0.01942899531719376	-2.032233223153345	8.331500276176474	1.772675393522837	0.08827267961865758	6.113759846264536
1.019644353991931	1.3730291437314308	-0.01942899531719377	-2.03223322315335	-8.331500276176474	-1.7712708463965257	0.08835608935935407	6.1129775092503555
1.2517441765926158	1.5760903710119842	-0.019561535443835456	-2.158272869812241	-8.622606638596723	-2.4724300955553744	0.07487423205487381	9.940931138825311
1.2517441765926158	1.5760903710119842	-0.019561535443835428	-2.158272869812228	8.622606638596723	2.470610193210568	0.07495189725129245	9.939664900584605
1.1715002281867213	1.4939265215380308	-0.01955840097181797	-2.1567314187741986	-8.64914002496508	-2.44115220742383	0.07569497143515977	3.6545956365451193
1.1715002281867213	1.4939265215380308	-0.019558400971818032	-2.1567314187742284	8.649140024965078	2.4436595256545033	0.07558776691892007	3.666576861576843
1.1006593793652442	1.457405702162409	-0.019455962195962608	-2.0454103543215205	8.221017682701653	1.9197743812555839	0.08370764429374451	0.8184935659369065
1.1006593793652442	1.457405702162409	-0.019455962195962948	-2.0454103543216866	-8.221017682701738	-1.924996616088837	0.08339970850362172	0.8509886358718706
1.00103662808024	1.3094828930147868	-0.019577531534275664	-2.1661393270899416	8.92550332748997	2.236668115482299	0.08048695172275977	6.811156803665332
1.00103662808024	1.3094828930147868	-0.019577531534275668	-2.166139327089944	-8.92550332748997	-2.2373924688250053	0.08045609589564197	6.807264898508519
1.1946267407831532	1.5153157236766004	0.019574376187862234	-2.1647015011645516	8.636354862535804	2.4419102873097405	0.07566039854823668	6.649223554207955
1.1946267407831532	1.5153157236766004	0.01957437618786223	-2.1647015011645525	-8.636354862535804	-2.4394641258449195	0.07576557179624335	6.65213926114503
1.0999184183295223	1.4213258835123581	0.019516458582797217	-2.136218806720211	-8.725333965489442	-2.4080489912874796	0.07662626287664116	7.917121635869255
1.0999184183295223	1.4213258835123581	0.01951645858279721	-2.136218806720208	8.725333965489442	2.415597506115656	0.07630729752204624	7.99320590973555
1.0606843081099362	1.4147198527588476	0.019456379711793034	-2.045614369806942	-8.268769527435749	-1.8516645175065136	0.08576239480940298	0.9420842950108005
1.0606843081099362	1.4147198527588476	0.019456379711793037	-2.0456143698069447	8.268769527435749	1.8501003627038504	0.0858554529929176	0.9492634778769133
1.053573417433592	1.4042821585440597	-0.019495840500805623	-2.0647831080919907	8.280516646456396	1.8190584550636917	0.08646761394703323	6.909684040213824
1.053573417433592	1.4042821585440597	-0.01949584050080562	-2.06478310809199	-8.280516646456396	-1.8151836470113132	0.086700187260628	6.908693028521092
1.1022692116711306	1.421437186204405	-0.01955400339282028	-2.1545688048880156	-8.72142045485984	-2.3886270875906224	0.07700570536950459	1.5029821003474304
1.1022692116711306	1.421437186204405	-0.019554003392820273	-2.154568804888013	8.721420454859842	2.3888681626461796	0.07699539226092694	1.5030525585968764
1.1589606702475626	1.5199100363097038	-0.019453052830336215	-2.043875533378392	-8.177647460859806	-1.99104975243484	0.08144735924970861	4.444363155580437
1.1589606702475626	1.5199100363097038	-0.019453052830336215	-2.043875533378393	8.177647460859808	1.9898012901529611	0.08152013501419368	4.466150285820079
1.190838281075627	1.5148433790082796	-0.01954922927558746	-2.152221019384358	8.637636637852792	2.4557815388288375	0.07537990931786154	4.60640287510493
1.190838281075627	1.5148433790082796	-0.019549229275587467	-2.1522210193843616	-8.637636637852792	-2.4585971417556127	0.07525982279799526	4.598763394751411
0.9602280721133674	1.224030291970352	-0.019441265617824898	-2.1039327370569394	-9.218621131510472	-1.909211603595054	0.09176845643693021	9.223538997665916
0.9602280721133674	1.224030291970352	-0.019441265617824978	-2.103932737056978	9.21862113151047	1.9065042531755498	0.09188846651553699	9.223420635909198
1.064992662803473	1.3298709538267504	0.019517778833931226	-2.141732008689231	8.923121683928986	2.166834767554265	0.08475203645225342	9.823902464367379
1.064992662803473	1.3298709538267504	0.0195177788339313	-2.1417320086892655	-8.923121683928965	-2.171246307325079	0.0845536241935637	9.867187220187832
0.9782908622485507	1.2401447182525398	0.0194666285201089	-2.116538325709697	-9.165460484954323	-1.962068624181926	0.09026278252032335	4.289675181414092
0.9782908622485507	1.2401447182525398	0.019466628520108907	-2.1165383257097004	9.165460484954323	1.9578372450481432	0.09045132473804343	4.316313662215991
1.0656747713192989	1.4198477008217474	0.01945867645511962	-2.04673665349181	8.262134335967254	1.8603030328432073	0.08548199791649436	0.7126494512111444
1.0656747713192989	1.4198477008217474	0.01945867645511961	-2.046736653491807	-8.262134335967254	-1.857824671442371	0.0856294345748589	0.7263177750188502
1.1726740216882898	1.4930102370485734	-0.019581367522992284	-2.168025765621269	-8.648018517862653	-2.426978801068362	0.07600405106127492	5.879404688196435
1.1726740216882898	1.4930102370485734	-0.019581367522992225	-2.168025765621241	8.648018517862656	2.4275517508301476	0.07597937832681541	5.879037582592018
1.0687865568868868	1.4223371370762858	-0.019478845734821473	-2.0564788621338512	8.257375041400389	1.8572166427262893	0.085445655759793	1.8625840119585664
1.0687865568868868	1.4223371370762858	-0.019478845734821466	-2.0564788621338477	-8.257375041400387	-1.8532557261287472	0.08568236536912319	1.8816874664048895
1.116778283972135	1.4759870150710819	0.019440269131660477	-2.037742074706654	8.205544780695867	1.9542237366962087	0.08263261954489994	3.2535111309540787
1.116778283972135	1.4759870150710819	0.019440269131660512	-2.03774207470667	-8.205544780695867	-1.9592503425980254	0.08233912498157693	3.300436056237448
0.9924900604023097	1.2568995643598158	0.019457890411577163	-2.1122344393845016	9.115128241320383	2.011830294129073	0.08906746321876714	9.694236373777835
0.9924900604023097	1.2568995643598158	0.01945789041157716	-2.112234439384502	-9.115128241320383	-2.008580540156343	0.08921245399267769	9.720130950203153
1.1247734135462042	1.4434732781799198	0.01957372295822839	-2.1642663693896385	8.693119391818163	2.3978268531860643	0.07672745478755541	2.502199052691763
1.1247734135462042	1.4434732781799198	0.01957372295822838	-2.164266369389631	-8.693119391818165	-2.3999996479610832	0.07663410839314892	2.511098215136142
1.1474669755971332	1.5042528104971151	-0.019490701879356954	-2.062272195235918	-8.184007816669093	-1.957283841154462	0.082369880799502	5.070379327621932
1.1474669755971332	1.5042528104971151	-0.019490701879357267	-2.0622721952360714	8.184007816669164	1.952357956004926	0.08266154039585906	5.126860251993524
1.2115304090208536	1.533294013362693	0.019580356473431395	-2.1675285579938115	8.627639174643365	2.4484491370412034	0.07543911493532679	8.965934662489023
1.2115304090208536	1.533294013362693	0.019580356473431395	-2.167528557993811	-8.627639174643415	-2.4469974164867505	0.075501519349241	8.962620633550044
0.841116551667092	0.925246561888571	0.021586290245151712	-3.0892354586834303	10.582921696409997	0.9189802581148925	0.10225709559844344	2.1122745812328456
0.841116551667092	0.925246561888571	0.021586290245151712	-3.0892354586834303	-10.582921696409997	-0.9211167981601331	0.10221459092536854	2.1138354810453763
1.0979516198791677	1.415776224041992	-0.019553188660136788	-2.1542819080622935	8.72995534113037	2.38186116352232	0.07720460560760437	1.4616992824936865
1.0979516198791677	1.415776224041992	-0.019553188660136785	-2.154281908062291	-8.72995534113037	-2.3818839467196966	0.07720363052389481	1.4617162250473017
0.9678299060988778	1.2265041763575188	0.019484523484893886	-2.125352349242158	9.207899705074894	1.9247962136629653	0.09094453548470666	2.4333025360078224
0.9678299060988778	1.2265041763575188	0.019484523484893882	-2.125352349242159	-9.207899705074894	-1.9263030546443272	0.09087779224298462	2.433361149822198
0.9883041277800655	1.2941903531344103	0.019578142292569423	-2.16655359448747	-8.96399650077982	-2.213904426051103	0.08092740849495957	8.56388907952406
0.9883041277800655	1.2941903531344103	0.019578142292569402	-2.166553594487458	8.963996500779821	2.207841202029682	0.08118490921297447	8.576837511166353
0.7670118497821019	0.6579930291287046	0.02154625804693105	-3.1389545388668987	14.480821262076613	-1.162549210483494	0.06722954849115248	2.9176715054067768
0.7670118497821019	0.6579930291287046	0.021546258046930885	-3.1389545388668143	-14.480821262076612	1.1619487928898078	0.06723407795080244	2.918585152690707
1.0496429039970974	1.3664943502295406	0.01953668494324491	-2.14605204610812	-8.80889276449024	-2.3357766478799746	0.07832980764539417	3.0322930282618543
1.0496429039970974	1.3664943502295406	0.01953668494324492	-2.146052046108124	8.808892764490238	2.3315498513456063	0.07850992357282162	3.0527530613012184
1.0473407086815878	1.3526038801085247	-0.019399982017259412	-2.0227358294003874	8.40991364720782	1.6473293944723135	0.09455441708440897	8.401636384287608
1.0473407086815878	1.3526038801085247	-0.01939998201725942	-2.0227358294003897	-8.40991364720782	-1.6430312260711233	0.09481903498463463	8.464798184177505
0.8260532852860372	0.7097722755420308	-0.021580982549219047	-3.156751919851576	13.60334699601646	-1.1354087768750887	0.0698513543587291	7.069250322655854
0.8260532852860372	0.7097722755420308	-0.02158098254921904	-3.156751919851573	-13.60334699601646	1.1384163937770193	0.06982348276823243	7.069464714866277
1.072528161006503	1.38934678170067	-0.019556623643078506	-2.155857375166499	-8.768131881399192	-2.353887558814133	0.07784319623183557	1.2219379477934962
1.072528161006503	1.38934678170067	-0.019556623643078495	-2.1558573751664953	8.768131881399192	2.352013373484249	0.07792343188406602	1.2280517227004373
1.0356563306511957	1.298783588004479	-0.019509610105479386	-2.1377085660242137	8.99677646888481	2.1080438266330734	0.08629197947004219	5.545804224886777
1.0356563306511957	1.298783588004479	-0.019509610105479382	-2.1377085660242146	-8.99677646888481	-2.1100352610488766	0.08620253982442967	5.549481788981718
1.029813570427647	1.334853400904383	-0.01938783652562394	-2.0167918380688916	8.444847645909146	1.5884803410646722	0.09657968633913049	9.344389318118811
1.029813570427647	1.334853400904383	-0.01938783652562393	-2.016791838068886	-8.444847645909146	-1.5849473643016676	0.09679682275065452	9.358267664512926
0.9347371403576064	1.1949084472185978	0.01943317608255839	-2.100061591872487	9.321975306927959	1.7884006539562698	0.09497986890369899	9.583616787573538
0.9347371403576064	1.1949084472185978	0.019433176082558394	-2.10006159187249	-9.321975306927957	-1.7913315510111918	0.09485110370196938	9.590143212024543
1.1214279121675907	1.474432242054095	0.019516667504935033	-2.0749599216487677	8.203240328546082	1.9128995112609406	0.08364872826820927	9.29089912770204
1.1214279121675907	1.474432242054095	0.019516667504935057	-2.0749599216487806	-8.203240328546082	-1.9125107793818135	0.08367198209623412	9.29014295421496
1.0206382008680939	1.32546577787056	-0.019393471466384874	-2.019436559393887	-8.463092811061442	-1.5536443211659456	0.09763419897812864	8.982015847563217
1.0206382008680939	1.32546577787056	-0.019393471466384895	-2.019436559393897	8.463092811061442	1.5532981607487386	0.09765545869509973	8.98056451220436
1.109531796450114	1.469005738607729	-0.019445336352944514	-2.0401049885970846	8.210073731787078	1.9465932715002836	0.08273960613705479	1.9629653868314532
1.109531796450114	1.469005738607729	-0.01944533635294455	-2.040104988597101	-8.210073731787078	-1.945105658296093	0.08282674712084205	1.9452066281938494
1.0700280186154174	1.3841247189224772	0.019583546800379992	-2.1690974770204225	8.774610750413375	2.334294308839363	0.07825367499013142	3.145641880788256
1.0700280186154174	1.3841247189224772	0.019583546800379974	-2.1690974770204146	-8.774610750413375	-2.3371137552988763	0.07813242983642782	3.135552244603758
0.9642980931449026	1.2267507372841002	0.019446170109688563	-2.1064616972810697	9.210169342731106	1.9169766457906157	0.09156849105096757	7.920738012937711
0.9642980931449026	1.2267507372841002	0.019446170109688552	-2.1064616972810675	-9.210169342731083	-1.918661731639034	0.09149376044306966	7.927658124817987
0.9565161101072561	1.212805889299173	0.019506037490204783	-2.135835233642192	-9.251445513929044	-1.89853174246843	0.09105863309784834	8.240220960739608
0.9565161101072561	1.212805889299173	0.019506037490204596	-2.1358352336421005	9.251445513928987	1.8911555347984574	0.09138223817301253	8.284543356040528
1.0736458274425897	1.431757666358288	-0.019425114437503433	-2.0303368649887363	-8.24890731735022	-1.8989906248330986	0.08435063171600662	4.904926628469524
1.0736458274425897	1.431757666358288	-0.01942511443750342	-2.03033686498873	8.24890731735022	1.9013696260711086	0.08421115187650358	4.920185467425194
1.067451144624949	1.3719712780776356	-0.019432939381890217	-2.0387518873594908	8.373436853536123	1.695294529828498	0.09278359064573918	6.779606149458604
1.067451144624949	1.3719712780776356	-0.01943293938189021	-2.0387518873594868	-8.373436853536123	-1.7029369023892382	0.09231223737744425	6.831711655413082
1.098009478086978	1.459000639226901	-0.019411979615974323	-2.023918648492742	-8.22102591580713	-1.95328562795196	0.08257268707882408	9.613322658424899
1.098009478086978	1.459000639226901	-0.019411979615973983	-2.0239186484925757	8.221025915807056	1.9551773646578159	0.08246323550173672	9.652207422283794
1.143614691893295	1.462861115845221	-0.01957877560536714	-2.166751128587819	8.672740349098996	2.4104957561756866	0.07639292797606217	3.8048768098573342
1.143614691893295	1.462861115845221	-0.019578775605367145	-2.1667511285878223	-8.672740349098996	-2.4098329774469462	0.07642144928670622	3.8039084094872972
1.2455273810567746	1.5698937753210351	-0.019548425094421354	-2.1519392838017435	-8.624433822945663	-2.4771302112312714	0.07481997517744296	8.483498407856473
1.2455273810567746	1.5698937753210351	-0.01954842509442129	-2.151939283801712	8.624433822945615	2.4743010465705986	0.07494037773173212	8.494000818343915
1.04169375048143	1.3969795331506305	0.0194291587569779	-2.0323130865847854	8.294128746615069	1.83150052636981	0.08637938497704323	4.363888012832725
1.04169375048143	1.3969795331506305	0.019429158756977632	-2.032313086584656	-8.294128746614982	-1.8249511516564514	0.08676703777723377	4.377676554876784
1.0877276970031002	1.4001852299405886	0.019602708448128527	-2.178634727705542	-8.748610056341139	-2.344022894884162	0.07794006170903083	6.953920193078512
1.0877276970031002	1.4001852299405886	0.019602708448128524	-2.178634727705538	8.748610056341139	2.3378097851605144	0.0782088068305114	7.0234386830518005
1.0333035765782161	1.33608798819519	0.019421778904363057	-2.033290025973355	-8.440199497662324	-1.5897741163972174	0.09622317285861301	7.727684831882071
1.0333035765782161	1.33608798819519	0.019421778904363057	-2.0332900259733555	8.440199497662324	1.5920204008178427	0.09608458360705946	7.732898802552122
1.0912287797373696	1.3954876476023388	-0.01945134177310183	-2.0477578917823873	-8.335615332925121	-1.751420816825899	0.09074024666380454	9.641175975695521
1.0912287797373696	1.3954876476023388	-0.019451341773101823	-2.0477578917823833	8.335615332925121	1.7491206449881833	0.09088221462053249	9.624288310685401
1.0929468231720325	1.412055864864237	-0.01953591154188568	-2.145785374418116	-8.736429876794485	-2.387102247667764	0.07711945037133731	3.256265939667403
1.0929468231720325	1.412055864864237	-0.01953591154188569	-2.1457853744181175	8.736429876794485	2.388473724704598	0.07706103323212296	3.258192240631381
1.1841270430373194	1.5104514477378606	0.0195216759524374	-2.1386710185120346	-8.641996924578942	-2.473965243574705	0.07491508067904133	7.371453352695191
1.1841270430373194	1.5104514477378606	0.01952167595243741	-2.1386710185120394	8.641996924578942	2.4707723705395903	0.07505002118005515	7.397456654010472
1.0537524525870847	1.367333586770738	0.01956296055118324	-2.159087524359909	8.80623674470179	2.3224367007519753	0.07861760083508534	1.3207842600943478
1.0537524525870847	1.367333586770738	0.019562960551183246	-2.159087524359912	-8.80623674470179	-2.3244484061555895	0.07853146801151419	1.3238974208675476
0.7569679793850801	0.6497589031086677	0.021531940657058175	-3.1316699977848375	-14.634010022363663	1.1403163353821402	0.06703305843702209	2.9690287225230434
0.7569679793850801	0.6497589031086677	0.021531940657058206	-3.131669997784854	14.634010022363665	-1.1391895936446623	0.06704113400712484	2.970815047149718
0.8490142458482741	0.935333192028214	0.021601916235328596	-3.0971350672143494	-10.505803274014674	-0.9509034987229583	0.10250789197563343	3.3051052828242966
0.8490142458482741	0.935333192028214	0.021601916235328582	-3.0971350672143436	10.505803274014673	0.9494813750969602	0.1025378929255238	3.305677653258879
1.0711138541267136	1.374900372755041	-0.019441873995291903	-2.043124426063139	8.368234101959573	1.6991021002533184	0.09264498036504865	7.304279926831147
1.0711138541267136	1.374900372755041	-0.019441873995291844	-2.04312442606311	-8.368234101959573	-1.699337013509739	0.0926304299860572	7.300415032462006
0.8201750730974153	0.9032785365913687	0.021595519555514697	-3.0939012710929266	10.762791117203609	0.9796038500202133	0.09882000368064815	8.048361348662537
0.8201750730974153	0.9032785365913687	0.021595519555514715	-3.093901271092931	-10.762791117203609	-0.9778476877889482	0.09885258585060905	8.051372609451146
1.1712379393789212	1.4969519523474164	0.01952293381769847	-2.139289603620333	8.649854725024005	2.465496088445292	0.07513236950388355	6.918698906014939
1.1712379393789212	1.4969519523474164	0.019522933817698505	-2.139289603620351	-8.649854725024005	-2.458112166932777	0.07544518356856383	7.036917583053201
1.1590714348373996	1.5162610537971035	-0.01947955600407154	-2.056939263798704	8.179316036515216	1.9766266865567594	0.08173635763532712	5.147645008236735
1.1590714348373996	1.5162610537971035	-0.01947955600407159	-2.0569392637987276	-8.179316036515216	-1.970119183417948	0.08211887824555689	5.123374317153651
0.7219480538807037	0.6202987106744982	0.021497161217021145	-3.113974575503936	-15.219324919831008	1.123010619366342	0.06588618242629368	4.539082037864823
0.7219480538807037	0.6202987106744982	0.021497161217021128	-3.113974575503927	15.219324919831006	-1.110982448298568	0.06596058360425422	4.552520199956151
1.0376557595460347	1.392061319635553	0.019434553742756988	-2.034949299543314	-8.30120674340049	-1.8171663055928295	0.08683721243487152	3.777433270764049
1.0376557595460347	1.392061319635553	0.019434553742757	-2.0349492995433183	8.30120674340049	1.8136956114156177	0.08704305666100834	3.773948549000223
0.8242590893032298	0.906833750816938	-0.021585850623772714	-3.0890132112126083	-10.7321567223469	-0.9431755087241847	0.09992977528656939	4.108562199967124
0.8242590893032298	0.906833750816938	-0.021585850623772707	-3.0890132112126025	10.7321567223469	0.9426127489877185	0.09994019995521321	4.111773729178066
1.0305286440483445	1.3472297083811802	0.019520315413031016	-2.13800194095493	-8.847082628862944	-2.311359339364701	0.07905810364469155	6.442405751623694
1.0305286440483445	1.3472297083811802	0.01952031541303114	-2.1380019409549913	8.847082628863014	2.3201848414344255	0.07868393484528523	6.445038082104527
1.1341288620153822	1.4571791977937762	-0.01953277191398035	-2.1441277210581275	-8.681762838592478	-2.431413956744562	0.07599164914372163	4.402189885328857
1.1341288620153822	1.4571791977937762	-0.019532771913980385	-2.1441277210581444	8.681762838592476	2.4318870384642732	0.07597154372998269	4.401271396913684
0.86847763615796	0.956113064649948	0.021614631804806488	-3.103693446222918	10.353068513827646	0.9563489722221465	0.10444292340479636	9.140274570064904
0.86847763615796	0.956113064649948	0.021614631804806498	-3.1036934462229233	-10.353068513827646	-0.9584736510225387	0.10439362478115445	9.14428597726041
0.9651754278088533	1.223191753087663	0.019487660222558587	-2.1268973245983034	-9.21862277181203	-1.9174967787368562	0.09103237391044522	2.921237861519739
0.9651754278088533	1.223191753087663	0.019487660222558587	-2.1268973245983	9.218622771812031	1.917252431067677	0.09104317598572445	2.920947601880589
1.1371336477024687	1.4939584794408065	0.019485817913915928	-2.0598857163452333	-8.190281229941624	-1.9480306065258937	0.0827266204422174	3.527730542327741
1.1371336477024687	1.4939584794408065	0.019485817913915935	-2.059885716345237	8.190281229941624	1.9523042222081717	0.08247391249547172	3.5552110255243834
1.078210801520859	1.3794398611519447	-0.01945723535397834	-2.050755554527251	8.361257038587054	1.7074250733537788	0.09224789717947358	9.798905507732425
1.078210801520859	1.3794398611519447	-0.01945723535397834	-2.0507555545272496	-8.361257038587054	-1.7067082862137557	0.09229235262802342	9.801406734965028
1.0050546269254756	1.269115830911588	-0.019485351489752726	-2.125646628086469	9.076759313131857	2.0488736538686023	0.08782354228501155	4.0724913766037165
1.0050546269254756	1.269115830911588	-0.019485351489752684	-2.125646628086449	-9.07675931313186	-2.0420637838813462	0.0881278926649711	4.100125722629727
0.9682176662625752	1.2230817045682	0.019519608628993275	-2.1426332597914395	-9.216449001052817	-1.928217417705147	0.09031470403948669	9.055296979825041
0.9682176662625752	1.2230817045682	0.01951960862899288	-2.142633259791244	9.216449001052823	1.9298549458502148	0.09024263198099998	9.057455146286326
0.7370236630830458	0.6312889608347518	0.021548018883201337	-3.139850434296414	-14.997048857110405	1.250512063384269	0.06549134942382076	3.0838024284027448
0.7370236630830458	0.6312889608347518	0.0215480188832013	-3.1398504342963935	14.997048857110402	-1.2497514387632656	0.06549675086900068	3.0846928675585144
0.9991217923363265	1.3112945859991496	0.01952352560548271	-2.139694224040319	-8.926295039437706	-2.252059931301151	0.08046059900817992	6.013107198123667
0.9991217923363265	1.3112945859991496	0.01952352560548271	-2.1396942240403187	8.926295039437706	2.247737896897208	0.0806441410876282	6.04780677158622
1.0672255030485844	1.3680901618129513	-0.019452702048535407	-2.0485369594250877	8.380376124851198	1.677262176549343	0.09330683445648039	9.07111826575764
1.0672255030485844	1.3680901618129513	-0.019452702048535393	-2.048536959425082	-8.380376124851198	-1.682228608966513	0.09299884158405523	9.063398453943032
1.1432194795183988	1.463778913220583	-0.01956451171952277	-2.1597365240487827	8.672958383245279	2.418020338615788	0.07625959280761516	2.571773545699197
1.1432194795183988	1.463778913220583	-0.019564511719522715	-2.1597365240487574	-8.67295838324528	-2.418666060887343	0.07623190188522655	2.57237986910124
0.9603122312945185	1.2217373629901387	-0.019451182665812063	-2.108930592199902	-9.22641155666062	-1.8974871261478476	0.09206689612218373	5.965531711338689
0.9603122312945185	1.2217373629901387	-0.019451182665812763	-2.108930592200249	9.226411556660677	1.90178687722638	0.09187628097206675	5.967829778785641
0.9926495897928598	1.2561311657655876	0.019478475676140534	-2.1222600404794707	-9.11483234100232	-2.0135751561334843	0.08878631956808092	3.6529231706764165
0.9926495897928598	1.2561311657655876	0.019478475676140534	-2.122260040479472	9.11483234100232	2.0089874355419965	0.08899098403520024	3.6724982409573186
0.8392736140642996	0.7195325495955236	-0.021601993955441975	-3.167312397310291	13.453172664840023	-1.1795997790311272	0.0698992613372137	8.74448637029902
0.8392736140642996	0.7195325495955236	-0.02160199395544198	-3.1673123973102895	-13.453172664840023	1.1800298025542997	0.06989499808763917	8.744918937220923
0.8713228488189579	0.9592459068312991	-0.021598283340670585	-3.095298483080642	-10.327876003188695	-0.8997988222391218	0.1062362916593767	6.204369267264504
0.8713228488189579	0.9592459068312991	-0.021598283340670564	-3.095298483080632	10.327876003188694	0.9036993806192033	0.10614667909528037	6.176306910122411
0.8278415980582863	0.9104913783135375	-0.021583207979777475	-3.0876772412796516	-10.70163691483	-0.9346835988098672	0.10047390329219523	3.3564981050500844
0.8278415980582863	0.9104913783135375	-0.021583207979777492	-3.0876772412796614	10.70163691483	0.9356066873455422	0.10045657369976385	3.359333556783901
1.0458574565541932	1.3965741965356695	0.019489662130344948	-2.0617641369585376	-8.291702013141949	-1.8059148783188146	0.08690094224242932	6.5687328526398305
1.0458574565541932	1.3965741965356695	0.019489662130344962	-2.0617641369585433	8.291702013141949	1.808036855132709	0.08677385986084911	6.597492012418193
1.0554576596401235	1.3691154182824434	-0.01956365048029662	-2.1594268173970215	8.802962278992375	2.3217719066231464	0.07868093304118705	1.3251311283678848
1.0554576596401235	1.3691154182824434	-0.019563650480296613	-2.1594268173970175	-8.802962278992377	-2.3199834920273137	0.07875771503620813	1.3471686466522248
1.13718630439476	1.2548850500226088	-0.0217245653599538	-3.159270237259185	-8.916620706078698	-0.9080199404324727	0.13219169114655235	7.8189209357469
1.13718630439476	1.2548850500226088	-0.021724565359953808	-3.159270237259186	8.916620706078698	0.9060711633829381	0.1322633664838255	7.838267648036224
1.06955500480844	1.3742929553062389	-0.019420988646231718	-2.0330164523889755	-8.370936400121524	-1.712192640469402	0.09210438998605815	8.14499460816885
1.06955500480844	1.3742929553062389	-0.0194209886462317	-2.033016452388968	8.370936400121524	1.7071011687077071	0.09241722217892706	8.081117541690173
1.0307707881101098	1.340811287646473	-0.01959141204371005	-2.1729653971766547	8.854707604590299	2.284550890724928	0.07923206302743935	6.61614871797142
1.0307707881101098	1.340811287646473	-0.01959141204371005	-2.1729653971766565	-8.854707604590299	-2.2860192565761217	0.07916933126611932	6.631752559205782
0.7063296684899389	0.6084368594733152	0.021474156906059604	-3.102399485504381	15.472616090588716	-1.0737426638722596	0.06566490958072073	7.062190430453108
0.7063296684899389	0.6084368594733152	0.02147415690605957	-3.102399485504363	-15.472616090588714	1.0749105209279808	0.06565828115889377	7.062812086678688
1.0328620092940282	1.2913122023096049	-0.019549219311620986	-2.1572177675917517	9.01271344153561	2.089825769457958	0.08639338064221039	9.193990434044828
1.0328620092940282	1.2913122023096049	-0.019549219311621062	-2.1572177675917885	-9.012713441535608	-2.081737520549014	0.08675750807606386	9.207992343177692
0.9955458061245521	1.3058847531181679	-0.01955126885779145	-2.153224032360059	8.936169173418511	2.2336594369374776	0.08077295689541229	4.515331748127357
0.9955458061245521	1.3058847531181679	-0.01955126885779145	-2.1532240323600593	-8.936169173418511	-2.231466081130412	0.08086638762067784	4.547984578870259
1.0661112983476626	1.378102010946048	0.01960269642451911	-2.178514759370599	8.783314552182805	2.3176632983857406	0.0786105590219818	7.512085582664059
1.0661112983476626	1.378102010946048	0.01960269642451911	-2.1785147593705982	-8.783314552182805	-2.3244466846284837	0.07831812979682502	7.458993954114786
1.114704927371093	1.4697342397551136	0.019481062867976236	-2.0576755797622606	-8.209232448939202	-1.9228425370146258	0.08354202209778404	1.8114014858775773
1.114704927371093	1.4697342397551136	0.019481062867976226	-2.0576755797622566	8.209232448939202	1.9222634541306842	0.08357641067550826	1.816155574213438
1.0110707890396486	1.3615543721800083	-0.019461557087062993	-2.0480310151082475	8.349117450684224	1.7318420972100697	0.0893602872745928	8.825034165171415
1.0110707890396486	1.3615543721800083	-0.019461557087062997	-2.0480310151082497	-8.349117450684224	-1.7418833903360973	0.08876128118218055	8.968783385689756
1.1257861240953693	1.4474657031555564	0.01953050676187586	-2.1431274140727967	8.692905031623393	2.424324415901138	0.07618382728594751	4.82167623664235
1.1257861240953693	1.4474657031555564	0.019530506761875854	-2.143127414072795	-8.692905031623392	-2.422942534400722	0.07624255940895142	4.823021860835388
1.1373610943650494	1.459922060874055	-0.01953984750704472	-2.14760731194712	-8.678522092772766	-2.4288862792820343	0.07604940489208954	3.417740517780976
1.1373610943650494	1.459922060874055	-0.019539847507044704	-2.1476073119471115	8.678522092772784	2.431390975316445	0.07594276821936072	3.420468743991774
1.0307737472596088	1.3844952980230956	0.019447229855244972	-2.041030221038645	8.311370780004054	1.794274620645787	0.08750022022053007	3.689968213340838
1.0307737472596088	1.3844952980230956	0.01944722985524494	-2.0410302210386324	-8.311370780004054	-1.7938195492988704	0.08752731913734776	3.6893441031912775
0.8361816311781094	0.7187628395677383	0.021563578006493816	-3.1477667566031506	13.462309599820149	-1.0777952938936206	0.07085985759893872	9.693290489074224
0.8361816311781094	0.7187628395677383	0.02156357800649383	-3.1477667566031577	-13.462309599820149	1.0785578904025428	0.07085279892104736	9.694721022671112
1.131934075968616	1.489869699059873	0.019472220096778386	-2.0532413401820526	-8.193405555791047	-1.9509813027531262	0.08267958794162607	2.0281737247806033
1.131934075968616	1.489869699059873	0.01947222009677844	-2.0532413401820784	8.193405555791026	1.9551769652267126	0.08243228387444225	2.04034426163332
1.0457210628391562	1.3546920828568176	-0.019604639507347133	-2.1795843831620436	-8.826781200122587	-2.296710149354265	0.07892793174037442	8.894973170101165
1.0457210628391562	1.3546920828568176	-0.019604639507347147	-2.179584383162049	8.826781200122587	2.298684220698668	0.07884329425414086	8.918383075403467
1.1384698677617298	1.4563616954924024	0.019590410113336426	-2.1724726741260585	-8.678193117343874	-2.3974780495778276	0.07672123179462238	5.482452017366491
1.1384698677617298	1.4563616954924024	0.019590410113336364	-2.172472674126027	8.678193117343875	2.396179775791026	0.07677733157338826	5.493815095341555
1.0391392833292383	1.3040873157613018	-0.01950814497613819	-2.136873246908192	8.98283182716292	2.1239666615856994	0.0858133326723434	5.856284870819548
1.1091826634443642	1.4235733510283752	-0.01959748679933988	-2.1760668275519373	8.716205683735934	2.371365203619236	0.0772550024033659	5.917239292655205
1.1091826634443642	1.4235733510283752	-0.01959748679933988	-2.1760668275519386	-8.716205683735934	-2.372681145753594	0.07719828231210969	5.934946672093382
1.0391392833292383	1.3040873157613018	-0.01950814497613818	-2.136873246908187	-8.982831827162922	-2.130527295335437	0.0855195226462726	5.943908031040939
1.035500655624488	1.3861491971440352	-0.019481787656627718	-2.0579163895638524	-8.307641175910614	-1.7868039716674904	0.08751551268385652	6.682361799039954
1.035500655624488	1.3861491971440352	-0.019481787656627718	-2.0579163895638537	8.307641175910614	1.787691531842654	0.08746237097154301	6.689983251589644
1.0613265756607848	1.4175920972808187	-0.01944637596055506	-2.040612977780696	-8.264420798299646	-1.8631279146633357	0.08539192205245916	1.4040094659323545
1.0613265756607848	1.4175920972808187	-0.019446375960555075	-2.0406129777807016	8.264420798299646	1.8624498981112385	0.08543210195059912	1.4039185678196018
1.180116465347666	1.5399305830652608	0.019459964856801872	-2.047366219787185	8.171533866013412	2.0064235366843057	0.08082364131705247	6.8629554577903376
1.180116465347666	1.5399305830652608	0.01945996485680185	-2.0473662197871745	-8.171533866013412	-2.005729373541401	0.08086390033573122	6.8471012832732105
0.9806207286399731	1.293174888256473	0.01951038526746614	-2.133118556096649	-8.97094123281391	-2.2241898583119273	0.0811442552864189	9.944686495141305
0.9802106200564629	1.2365399259681207	-0.019530943429584686	-2.148102312187642	-9.17081394113851	-1.9690850103616935	0.08923102506246675	8.928870616737182
0.9802106200564629	1.2365399259681207	-0.019530943429584766	-2.1481023121876803	9.170813941138507	1.9659254956592633	0.0893708054879003	8.938097696761725
0.7308080764831983	0.6302614568615963	0.02147424057958658	-3.1024420582401664	-15.013298173232132	1.0002399258110728	0.06703842954908723	9.218330669114668
0.7308080764831983	0.6302614568615963	0.021474240579586554	-3.1024420582401566	15.01329817323213	-1.0066138591830676	0.06700071141015876	9.22860736685484
0.743949254079054	0.6396398123594704	-0.02150201854326528	-3.116445933264571	14.827154487708192	-1.0662772177084552	0.06708032935025544	5.2128858767394295
0.743949254079054	0.6396398123594704	-0.021502018543265278	-3.11644593326457	-14.827154487708192	1.0712915986864306	0.06704770526126501	5.202481818818156
1.2323953609863685	1.559232754045459	-0.019518954974492617	-2.1374464811344693	8.627408926632857	2.487944565836095	0.07468636787011186	9.407342173508084
1.2323953609863685	1.559232754045459	-0.019518954974492606	-2.137446481134465	-8.627408926632857	-2.494482941056255	0.07441072156289759	9.318962468532476
1.1286549607044856	1.2465628916383948	-0.021714740982419843	-3.154172818072495	8.939423434182514	0.8764775056364993	0.1339196175852169	7.1357728522410895
1.1286549607044856	1.2465628916383948	-0.021714740982419857	-3.1541728180725004	-8.939423434182514	-0.8757256646656515	0.13394779588623368	7.134344847482424
0.9462137250121481	1.208155099396491	-0.019442431349080674	-2.104506901984402	9.272742412021788	1.8515371003599626	0.09319337722734945	7.488047240283862
0.9462137250121481	1.208155099396491	-0.019442431349080688	-2.1045069019844105	-9.272742412021788	-1.8548155467841756	0.09304890928751816	7.5063051441103585
1.2295168142730517	1.5556207049628006	0.01952626703593324	-2.1410424035062205	-8.627305188028805	-2.4889080580181027	0.07453652578388337	8.242530094297283
1.2295168142730517	1.5556207049628006	0.019526267035933572	-2.1410424035063835	8.627305188028773	2.4924386529825053	0.07438768922119274	8.274897198496477
1.1471948962122451	1.4714339049251606	0.0195152875002841	-2.13564289227498	8.6706815749852	2.4556716034213366	0.07536139094957635	8.832552975587308
1.1471948962122451	1.4714339049251606	0.01951528750028411	-2.1356428922749826	-8.6706815749852	-2.451452647682835	0.07553943513888337	8.825936237944497
1.0448083750151376	1.3473540521438954	0.01942145159623366	-2.033243019652043	8.419091827275828	1.6280053105192227	0.09497901163623021	6.620134395686539
1.0448083750151376	1.3473540521438954	0.01942145159623366	-2.033243019652043	-8.419091827275828	-1.6213538935093137	0.09539013364053421	6.666509473349513
1.2456266710155386	1.5690185705697945	-0.0195590357275138	-2.157157376295275	8.62364365734273	2.4676539062340677	0.07508520961342405	9.362555370281793
1.2456266710155386	1.5690185705697945	-0.019559035727513958	-2.157157376295352	-8.623643657342683	-2.467899368221632	0.07507472067769023	9.360894688781027
1.1419106629492732	1.499127979018324	-0.01948397906601327	-2.058987189982615	8.187166034541908	1.9542161291230773	0.08253823495786493	3.686398584619261
1.1419106629492732	1.499127979018324	-0.01948397906601327	-2.058987189982614	-8.187166034541908	-1.9564383589429433	0.08240694107359035	3.6855689481248115
1.0223244752473792	1.2841838946531154	0.01952134035160827	-2.143372447956547	9.032658557538424	2.075539030247521	0.0870061556093808	3.603927302139502
1.0223244752473792	1.2841838946531154	0.019521340351608265	-2.1433724479565464	-9.032658557538424	-2.073805321807953	0.08708404893358311	3.6184713929215366
0.9682562797422734	1.225420700066721	0.019498733861013164	-2.132351557736024	9.21034192083927	1.9268856255244042	0.09067893428974386	3.7497640581037457
0.9682562797422734	1.225420700066721	0.019498733861013175	-2.1323515577360284	-9.21034192083927	-1.9277024932203517	0.09064282705064428	3.7500787288363995
1.242636775887297	1.5663231407136957	-0.01956714226973986	-2.161030159576599	8.622273996069897	2.4655311044602737	0.07505937641030788	9.815862201898195
1.242636775887297	1.5663231407136957	-0.01956714226974016	-2.161030159576745	-8.622273996069946	-2.4640335609199315	0.07512346407286263	9.820253524563524
1.1131348016181575	1.4331081394505223	-0.01954071025391567	-2.148145282917838	8.708578404302083	2.4034842513364225	0.0767272471377043	2.892913667566044
1.1131348016181575	1.4331081394505223	-0.01954071025391565	-2.1481452829178296	-8.708578404302083	-2.4078400459079727	0.07654153403759145	2.9020305581593893
1.2379348307750238	1.560757252616696	-0.01956371400804353	-2.1594580590445642	8.623813464268432	2.466642278015632	0.07503258981284544	9.16777911905643
1.2379348307750238	1.560757252616696	-0.019563714008043534	-2.1594580590445656	-8.623813464268432	-2.4682487229012633	0.07496399487696084	9.186109654263674
1.0505047770233735	1.4067421931242265	-0.0194267539260134	-2.031137986814132	8.280423327264323	1.8504882828179294	0.08587281645897836	4.520817138647698
1.0505047770233735	1.4067421931242265	-0.01942675392601336	-2.031137986814113	-8.280423327264323	-1.8506709485646269	0.085862035481442	4.520789733129598
1.029615560012777	1.2912853315850075	0.019529515184961134	-2.1473988499045293	9.013404144510007	2.0921578029046106	0.08649146062106143	4.746331022627132
1.029615560012777	1.2912853315850075	0.019529515184961127	-2.1473988499045262	-9.013404144510007	-2.0966348921019904	0.08629058255455355	4.7807216588188615
1.0678107134041617	1.368304281675514	-0.019456312404540686	-2.050303864005247	8.379886530481313	1.6793164043406055	0.09314345266968242	9.748540578118142
1.1973492627758224	1.522364652666942	0.019528768097347018	-2.142272374392538	-8.636605735316937	-2.4754669848035764	0.0748616977241707	6.845568158788443
1.1973492627758224	1.522364652666942	0.019528768097347004	-2.142272374392531	8.636605735316937	2.476688459759533	0.07481006395534297	6.856726275599216
1.1878878441967895	1.5489238085628487	-0.019461225633088438	-2.0478690549299743	8.168512274055114	2.007676846345067	0.0808585583883081	7.3753183126870425
1.1878878441967895	1.5489238085628487	-0.019461225633088643	-2.0478690549300764	-8.168512274055116	-2.0108332556742443	0.08067545246803948	7.396911611345764
0.7426549260557054	0.637052838355121	0.021550720367317762	-3.141354649998143	-14.883106528468911	1.239250461251176	0.06578887723378736	2.823241165503851
0.7426549260557054	0.637052838355121	0.021550720367317745	-3.141354649998131	14.88310652846891	-1.2418154199121556	0.06577029838646231	2.8294303488113774
0.9899129961382322	1.2991659856906186	0.01955644309449551	-2.1557685861139504	8.952254786792118	2.224774262723301	0.08086597729409263	5.3630340656678355
0.9899129961382322	1.2991659856906186	0.019556443094495314	-2.1557685861138554	-8.952254786792176	-2.228718318509003	0.08069871011145244	5.374172030921242
0.7727148299205928	0.6650250473461972	-0.02150718105666226	-3.1190725671175916	-14.349487146907707	1.0195423252442861	0.06858577706942501	8.052160663765541
0.7727148299205928	0.6650250473461972	-0.021507181056662234	-3.1190725671175796	14.349487146907705	-1.0238725787017042	0.06855538026763812	8.051556383525712
1.1249809362150094	1.482196641574091	0.01947610788931906	-2.0551410536304187	8.198653741064321	1.9381039809815341	0.08313484082603562	1.848692281084813
1.1249809362150094	1.482196641574091	0.01947610788931907	-2.0551410536304253	-8.198653741064321	-1.940889756477965	0.08296988808956227	1.8024725744066743
1.0446037922821523	1.401857652417233	-0.019423664627505496	-2.0295154142216147	8.286331691039349	1.8428347596942967	0.08608173565426434	5.3565781520138245
1.0446037922821523	1.401857652417233	-0.01942366462750546	-2.0295154142215996	-8.286331691039349	-1.8394192569185854	0.08628350772105628	5.3863554122941855
1.126426949356141	1.4448130583663954	-0.01957808167861514	-2.1664098736312494	-8.691299755092377	-2.3956941720748386	0.0767854277437505	3.015922349879869
1.126426949356141	1.4448130583663954	-0.019578081678615092	-2.166409873631226	8.691299755092379	2.395970736609117	0.07677352117317382	3.0151816694195577
0.9503623291544379	1.2078649167071756	-0.01947594227617962	-2.1211257426825334	9.272001155664286	1.8640748809735772	0.09242339130662136	4.74404407366455
0.9503623291544379	1.2078649167071756	-0.01947594227617963	-2.121125742682537	-9.272001155664285	-1.8681338296185697	0.0922451181095081	4.757250783763637
0.980211713493417	1.2439356015017127	-0.019451580172087632	-2.109126380775586	-9.15484786375659	-1.9802186739960401	0.08979102826917999	9.2323360385256
0.980211713493417	1.2439356015017127	-0.01945158017208764	-2.10912638077559	9.15484786375659	1.9844643204944088	0.08960285856358421	9.301472523296026
1.0196317893651985	1.3681747589137403	-0.019476922773025294	-2.05565255831121	-8.338083979421935	-1.7451457254488218	0.08884679541124542	9.38759538714608
1.0196317893651985	1.3681747589137403	-0.019476922773025297	-2.0556525583112117	8.338083979421935	1.7458813646213205	0.0888027278715189	9.388512001270188
0.973731780708134	1.2820150628279847	0.019535377524165124	-2.1455227554174607	8.99901111014273	2.19590852365949	0.08167173457987412	6.509559989044725
0.973731780708134	1.2820150628279847	0.019535377524165145	-2.1455227554174723	-8.99901111014273	-2.1917163333151617	0.08184916510459528	6.520680358903666
1.0555469216478954	1.3190087313421455	-0.01952307378648346	-2.144339995738066	8.947112892278968	2.1452673457076	0.08527553473235686	7.852061258163809
1.0555469216478954	1.3190087313421455	-0.019523073786483436	-2.1443399957380573	-8.947112892278968	-2.1482809130095024	0.08513988003587741	7.874426938898427
1.090790634975942	1.4067373950351112	0.019580076156868187	-2.1673907056681476	8.73975185357873	2.3611891542440144	0.07760003105040528	2.5213007047015332
1.090790634975942	1.4067373950351112	0.019580076156868194	-2.1673907056681516	-8.739751853578728	-2.3676797900054005	0.07732129028673092	2.5760161293018418
1.113127935962338	1.429032595502764	0.019584014665986187	-2.1694415077135933	8.710283572989145	2.3769938246362585	0.0772694187440201	3.396876312058115
1.113127935962338	1.429032595502764	0.019584014665986194	-2.1694415077135982	-8.710283572989145	-2.3823236698547543	0.0770397933133141	3.4140444289189076
1.1273042393136896	1.4882238680657391	0.019439967441832188	-2.0374815480362827	-8.195607204106627	-1.9724480940298719	0.08195167868131176	3.5919506205680776
1.1273042393136896	1.4882238680657391	0.019439967441832188	-2.0374815480362845	8.195607204106627	1.9733557450016814	0.08189885294271682	3.605999084546135
1.1273042393136896	1.4882238680657391	0.019439967441832188	-2.0374815480362827	-8.195607204106627	-1.9724480940298719	0.08195167868131176	3.5919506205680776
1.1273042393136896	1.4882238680657391	0.019439967441832188	-2.0374815480362845	8.195607204106627	1.9733557450016814	0.08189885294271682	3.605999084546135
0.7553700277762907	0.6457833667610824	0.021586224781982452	-3.159289203633508	14.714063384234757	-1.3216673980146947	0.06549711802157242	6.656036129943273
0.7553700277762907	0.6457833667610824	0.021586224781982435	-3.1592892036334996	-14.714063384234755	1.3318788233759307	0.06541646048167882	6.672890573918528
1.199281619495873	1.559858811574473	-0.01946866439337046	-2.051503897272798	8.166693055210509	2.0041146502929337	0.08107681133660027	9.356093963318587
1.199281619495873	1.559858811574473	-0.019468664393370468	-2.0515038972727995	-8.166693055210509	-2.007782760314276	0.08086328401060407	9.258395419836095
1.1314802789773954	1.4914767331835372	0.019451244111805207	-2.042991729296326	8.19304772878902	1.9686421845530244	0.08206753069395131	2.4607261606999047
1.1314802789773954	1.4914767331835372	0.019451244111805193	-2.0429917292963222	-8.19304772878902	-1.9721252460937535	0.08186419849285079	2.539724263241744
1.1634857184864253	1.4859492824544558	-0.019554360255750025	-2.1547443007069034	8.655101097542044	2.4376626653955498	0.07581054706358402	3.2684501070203513
1.1634857184864253	1.4859492824544558	-0.019554360255750153	-2.1547443007069673	-8.655101097542111	-2.438785258922435	0.07576254567201193	3.2661902070572015
1.0659673952907414	1.3832686328598849	-0.019546082087892994	-2.1506733151102457	8.77889570232433	2.3540106612490614	0.07783069250741449	1.8291121841298486
1.0659673952907414	1.3832686328598849	-0.019546082087893005	-2.1506733151102493	-8.77889570232433	-2.353799158119106	0.07783970961176462	1.827783317175512
1.1216516546435495	1.4377108982220579	0.019587844731631606	-2.171325055718692	-8.699510654007826	-2.385668458823094	0.07698844369955363	4.29642664153957
1.1216516546435495	1.4377108982220579	0.019587844731631606	-2.171325055718694	8.699510654007824	2.3827290976243525	0.07711527149551572	4.296758744828019
0.9504521075945442	1.212002474534098	-0.019438920646906065	-2.1028910316591833	9.260564616876636	1.863177824723909	0.09297450008154126	8.361415623931807
0.9504521075945442	1.212002474534098	-0.019438920646906065	-2.102891031659184	-9.260564616876636	-1.8636224961517822	0.09295485822048018	8.364608413970759
1.055516629941483	1.4114170433992725	-0.019433962591061463	-2.03466043840002	-8.273869957065896	-1.8561859989688898	0.08568213325078801	3.0774621144370755
1.055516629941483	1.4114170433992725	-0.01943396259106137	-2.0346604383999742	8.273869957065926	1.8569734304918235	0.08563559997635885	3.07847421676764
1.0691288555793468	1.4195971454048582	0.01950983555801121	-2.071621589854068	-8.259763689074985	-1.8383915904923445	0.08590861908807419	8.985931303794349
1.0691288555793468	1.4195971454048582	0.01950983555801117	-2.0716215898540513	8.259763689074985	1.8426962867763326	0.0856501526448983	9.022819353797171
1.066877833754229	1.4199967549760177	0.01947003181068568	-2.052285349395323	-8.261565737387532	-1.8552346053391027	0.08560141058383283	1.0429471083283064
1.066877833754229	1.4199967549760177	0.019470031810685764	-2.0522853493953632	8.261565737387532	1.8552246287744065	0.0856020053855733	1.042936416457681
1.021265878807211	1.3757688108930421	0.019419396196428816	-2.0275426961367398	8.327294070131499	1.7805118017617367	0.08814658568423596	7.460276555146386
1.021265878807211	1.3757688108930421	0.01941939619642881	-2.027542696136736	-8.327294070131499	-1.7792457887371924	0.08822168569996446	7.476621357109051
0.9639819779110794	1.2733569234339204	0.01952390179724797	-2.139765630547056	-9.022475930933712	-2.1827899484880504	0.08199621682005111	8.83828347294024
0.9639819779110794	1.2733569234339204	0.019523901797247965	-2.1397656305470534	9.022475930933714	2.189252298094969	0.08172435715675526	8.909252991248268
1.0595520956653672	1.3784236961607086	0.019523919171700703	-2.139774174846718	-8.78878738011154	-2.3568589792473453	0.07785830430340474	5.495904904504276
1.0595520956653672	1.3784236961607086	0.019523919171700696	-2.1397741748467154	8.78878738011154	2.3588105082981823	0.07777550453155394	5.49962290623378
1.0835253544626287	1.4378148889506048	0.019481559410898092	-2.057804860597847	8.23918548507667	1.879807692933925	0.08479664534500472	1.535690175493882
1.0835253544626287	1.4378148889506048	0.01948155941089801	-2.0578048605978068	-8.23918548507667	-1.8796093732976935	0.08480847671021496	1.536105130363889
0.9354899301918866	1.1939496116794934	0.01944985052519726	-2.108274456864153	9.324137973571949	1.796572525165649	0.09447121235545969	7.638671550824996
0.9354899301918866	1.1939496116794934	0.01944985052519725	-2.108274456864149	-9.32413797357195	-1.7995725553507995	0.09433982016489827	7.63567628803524
1.00764646860154	1.3209380812480889	-0.019533119569321883	-2.144298688826893	-8.902299845038335	-2.265971355665725	0.0800807870190777	4.551969217191178
1.00764646860154	1.3209380812480889	-0.01953311956932188	-2.1442986888268902	8.902299845038335	2.2647516770291762	0.08013266096873412	4.56303105943643
1.1322886134452432	1.4526164676779019	-0.019560826246030172	-2.1579241049526314	-8.684254336436014	-2.4111172348201517	0.0764497338054075	2.090696779988956
1.1322886134452432	1.4526164676779019	-0.01956082624603017	-2.157924104952629	8.684254336436014	2.410996425100965	0.07645491309718623	2.091015806751208
1.1263693712170422	1.4851161498665288	0.01944976103573344	-2.042380211217642	8.198409383209125	1.9578625126382043	0.0825445612623647	2.5622794654512346
1.1263693712170422	1.4851161498665288	0.019449761035733128	-2.042380211217489	-8.198409383209167	-1.955639285416778	0.08267499785268598	2.6132231963273127
1.0218208788496177	1.3317106185203367	0.01957185310687976	-2.163460701504389	8.876357591759577	2.2746337198838624	0.07961563597306968	3.483353683188413
1.0218208788496177	1.3317106185203367	0.019571853106879762	-2.16346070150439	-8.876357591759577	-2.2682110483750417	0.07989012362082101	3.4889873840941763
2.895636565825524	2.886547724410281	0.022189998956484252	-3.4737827080542836	33.61719477172153	-5.640062515932259	0.041410094760634404	3.9702028781911376
2.895636565825524	2.886547724410281	0.02218999895648426	-3.4737827080542854	-33.61719477172153	5.645375346675342	0.041391715847358755	3.9770721618787395
2.9203468149468983	2.8932123890537578	0.022088786713028632	-3.4220705511342766	34.39424191988634	-5.462342136965868	0.04277863642734575	9.085394727604953
2.9203468149468983	2.8932123890537578	0.02208878671302864	-3.422070551134282	-34.39424191988634	5.4670992411023125	0.042762544812740624	9.098987868117087
2.939081273826463	2.904235031874665	0.02221328903651412	-3.4856516128950648	-35.80480137168628	6.037427885500756	0.04098435650787543	1.5606241873598643
2.939081273826463	2.904235031874665	0.02221328903651409	-3.485651612895049	35.804801371686274	-6.031768259728576	0.04100264605004351	1.5635517256105638
2.8027188768709435	2.8354100186181315	0.021735627176414193	-3.1648625267205492	27.07691100674508	-5.148972499461278	0.05230193313114647	4.371291290988477
2.8027188768709435	2.8354100186181315	0.021735627176414193	-3.164862526720548	-27.07691100674508	5.149394224688027	0.052300145151741056	4.371681107188901
2.88730514655365	2.8948865590263972	0.021804765325066207	-3.20642156611526	32.96151052806051	-6.323641776510238	0.050557798203149006	6.737364597999295
2.88730514655365	2.8948865590263972	0.021804765325066207	-3.20642156611526	-32.96151052806051	6.329629329301273	0.050537078580539185	6.739020464631037
2.986614089693444	2.921649052151263	-0.022555153495266947	-3.6524059671572693	-38.12916920821027	7.371716924546131	0.036659077644956774	7.631446128491429
2.986614089693444	2.921649052151263	-0.022555153495266968	-3.652405967157276	38.12916920821028	-7.365280258419315	0.036677482517189795	7.632915826759626
2.826274278093958	2.847556702259053	-0.02196109354702405	-3.350150784036332	-29.47740889041702	4.541590731238514	0.04470479839797203	2.101013061790969
2.826274278093958	2.847556702259053	-0.021961093547024076	-3.350150784036344	29.477408890417024	-4.542175792274158	0.04470245192065419	2.1007215309262692
2.8270383132169097	2.8477995732421344	-0.021946202340439237	-3.3425742012579507	29.497372484811855	-4.510765113957904	0.04489204014317881	3.541219615569272
2.8270383132169097	2.8477995732421344	-0.021946202340439466	-3.3425742012580675	-29.497372484811844	4.51146917456599	0.044889218165606315	3.542348215226517
2.840246581147629	2.859038960637749	0.021960776624441194	-3.3499895351697866	30.541645569916533	-4.707636741050571	0.04451077441356163	3.480575517326523
2.840246581147629	2.859038960637749	0.021960776624441212	-3.349989535169792	-30.541645569916533	4.7019262100620995	0.04453299458568069	3.4807598561788415
2.9332692097704585	2.924681899803575	-0.021954285874310673	-3.2864047867302952	-37.016633594629	8.706219344279358	0.04881282232837524	9.547833219215256
2.9332692097704585	2.924681899803575	-0.02195428587431065	-3.2864047867302837	37.01663359462898	-8.714104335693	0.048787960929223204	9.547439057882876
2.9175085961290046	2.895707161729631	0.02210093292850111	-3.4282603353607968	-34.699337932118524	5.567879838502808	0.04250641572572421	4.419523053201962
2.9175085961290046	2.895707161729631	0.022100932928501068	-3.4282603353607737	34.699337932118524	-5.567453433260719	0.042507853273563434	4.419707441528944
3.1151038633302406	2.9448732910069575	-0.02174351242461218	-3.175676974559794	40.25000134367349	-8.331575539128723	0.05239440165850358	9.789093708174756
3.1151038633302406	2.9448732910069575	-0.02174351242461218	-3.175676974559794	-40.25000134367349	8.327749061622452	0.052405557271121776	9.789912031426578
2.8938444085579587	2.884507803933963	-0.022176493047639537	-3.466899934501739	33.381147189005596	-5.566621111411502	0.04161247301646853	4.606829184854208
2.8938444085579587	2.884507803933963	-0.022176493047639478	-3.4668999345017095	-33.381147189005596	5.541860628900342	0.04169852161616671	4.6357315715873115
2.9409407629060644	2.9075648091749478	0.022215586956406318	-3.4868226605040546	-36.24604489425272	6.1419662122743635	0.04083831222432765	1.5041622972133593
2.9409407629060644	2.9075648091749478	0.022215586956406328	-3.4868226605040613	36.24604489425272	-6.139482873251961	0.040846284013029956	1.505342791255751
2.941455703896409	2.907004082103687	-0.022210988280717756	-3.484345202679174	-36.167763024472656	6.115497276945639	0.04090790952162975	1.6082757460451085
2.941455703896409	2.907004082103687	-0.022210988280717756	-3.484345202679176	36.167763024472656	-6.117665651525712	0.04090093551085536	1.6088614399753585
2.9377194332139522	2.9323546605264914	0.02194127469324814	-3.279561080838689	38.15375363191241	-9.418983609239028	0.04757812925191522	5.577710412060254
2.9377194332139522	2.9323546605264914	0.021941274693248133	-3.279561080838688	-38.15375363191241	9.409387731069872	0.047607500336261335	5.5799424109939455
2.8166816010918816	2.8465279006733746	0.021685784487689406	-3.1396646088306825	27.97404918194894	-5.1439476052311885	0.053104914159618676	8.716753171341614
2.8166816010918816	2.8465279006733746	0.02168578448768943	-3.139664608830694	-27.974049181948946	5.149793513351231	0.053080810129556955	8.723340741681078
2.9322007592800547	2.9267376430324354	0.02192297517217147	-3.2700730852108286	37.29412371854957	-8.812115747542705	0.048952189638637664	8.359002360958428
2.9322007592800547	2.9267376430324354	0.021922975172171483	-3.2700730852108353	-37.29412371854958	8.795392839539865	0.049004991736480374	8.354087500078618
2.9326193535561806	2.925518802251873	-0.02194501816973618	-3.2815300990218335	-37.13031055152564	8.766618765189133	0.048792558701084766	8.409431158565893
2.9326193535561806	2.925518802251873	-0.021945018169736194	-3.2815300990218397	37.130310551525646	-8.76338400521328	0.04880275687591791	8.408940370149177
3.0264807016064603	2.9521745546416915	-0.02219626144480166	-3.397735687640405	41.24692284175	-9.499814598851687	0.0440406876352304	8.449532433118499
3.0264807016064603	2.9521745546416915	-0.022196261444801652	-3.3977356876404015	-41.24692284174999	9.50535885019978	0.04402727787406181	8.453410096524598
2.9516124100336243	2.9361862194968733	0.02202046469782707	-3.3212139560303022	-38.82931791433592	9.96639845396394	0.0457236137030769	9.019306775604603
2.9516124100336243	2.9361862194968733	0.02202046469782707	-3.3212139560303022	38.82931791433592	-9.992610637674009	0.04564736823376908	9.020233686315278
2.9405705517918355	2.9020325128413504	-0.02224038728085223	-3.499327109407248	-35.52036954524148	6.033794221324712	0.04075117205411326	3.8315828854946146
2.9405705517918355	2.9020325128413504	-0.022240387280852925	-3.499327109407602	35.520369545241444	-6.048283487228945	0.040704379815159675	3.8475801756056485
2.9193900728632634	2.8928861339552365	-0.02208595345055863	-3.420626703592949	34.35422852139206	-5.448142021381349	0.04282112911134964	9.11056613695325
2.9193900728632634	2.8928861339552365	-0.022085953450558644	-3.420626703592955	-34.35422852139205	5.449532973463644	0.0428164195695859	9.113459617163214
3.1026107647278485	2.9330915891502047	-0.021763021310050746	-3.185802203537415	38.312637520548094	-7.328641824911026	0.05423517225840422	9.222270833094582
3.1026107647278485	2.9330915891502047	-0.02176302131005074	-3.1858022035374134	-38.312637520548094	7.35923225465098	0.05414121298690592	9.241086029486233
2.8900254984031433	2.8806506354083474	0.022145146234457493	-3.450791701153793	-32.940030132560885	5.402938584644912	0.04211776062640022	6.29544245479739
2.8900254984031433	2.8806506354083474	0.022145146234457465	-3.4507917011537796	32.94003013256088	-5.394693095725572	0.04214677993559271	6.299451584802675
2.9376785443621083	2.9297749899635606	0.02195664692443497	-3.2876466672766034	37.77426839026269	-9.19687169193725	0.04783112319783723	6.0029974081565705
2.9376785443621083	2.9297749899635606	0.02195664692443497	-3.2876466672766034	-37.77426839026269	9.21755703916985	0.047767405325694755	6.018474527882418
2.9074810505699906	2.891143172947698	0.022112120057255595	-3.4339613632456887	-34.145939388500246	5.515019296033728	0.042402573942631167	2.2230064460694163
2.9074810505699906	2.891143172947698	0.022112120057255626	-3.433961363245705	34.145939388500246	-5.518808545484985	0.04238960241394405	2.2263289559882544
2.9307646449054725	2.904433886357876	-0.0221400402936641	-3.448189683113189	35.81513593766322	-5.881707347611646	0.04179464762506006	4.989306517298857
2.9307646449054725	2.904433886357876	-0.02214004029366412	-3.448189683113199	-35.81513593766322	5.880211116264931	0.041799558275003874	4.991330388184009
2.938827285995678	2.9355235067731726	-0.021929127882514002	-3.2731720220909946	-38.636686649271816	9.733109744989331	0.04710430768632966	7.2168791209618455
2.938827285995678	2.9355235067731726	-0.021929127882514016	-3.2731720220910017	38.63668664927183	-9.70302707932209	0.04719539889795869	7.222407680364874
2.9271360951149656	2.9042341242577776	-0.0221389517612299	-3.4476349604585055	35.78770732794366	-5.893260102050361	0.041749038636688704	5.199801070216864
2.9271360951149656	2.9042341242577776	-0.022138951761230426	-3.447634960458772	-35.78770732794363	5.884184229381837	0.04177893841799385	5.207517397780182
2.9354365249756773	2.9031870570255207	-0.022165986585118227	-3.461412068797297	35.65785730541742	-5.897097479708014	0.04157128893717826	2.9759250765684726
2.9354365249756773	2.9031870570255207	-0.022165986585118258	-3.461412068797311	-35.65785730541743	5.89508950510888	0.041577849033068104	2.977273128266865
2.953615508094516	2.9405022586534564	0.022000703534127662	-3.310957642901644	-39.513736000012585	9.994227378120737	0.046319197490140185	7.899543400076985
2.953615508094516	2.9405022586534564	0.022000703534127676	-3.310957642901651	39.51373600001259	-9.996442121014487	0.04631287500372862	7.835772523221107
2.9531552815435247	2.911849138203837	-0.022363692160773625	-3.562164015480535	-36.85009329586735	6.610060955322309	0.03901066053041494	3.59210314440667
2.9531552815435247	2.911849138203837	-0.022363692160773607	-3.5621640154805254	36.85009329586735	-6.606786538042247	0.03902073106555917	3.5924358607336577
3.021617700503736	2.958711266757967	-0.022313139149580538	-3.463838662670337	42.68779275364787	-9.992823596307097	0.04272456692365029	6.223882172341671
3.021617700503736	2.958711266757967	-0.02231313914958055	-3.4638386626703435	-42.68779275364788	9.987360011929633	0.04273657252925146	6.428871264987749
2.8951029226333005	2.8864633191955105	0.02219654218649984	-3.4771172167509796	-33.60817240422735	5.652215084281028	0.041335875327002766	4.507178820000585
2.8951029226333005	2.8864633191955105	0.02219654218649982	-3.4771172167509703	33.60817240422735	-5.653934081511742	0.04132993533278918	4.5060953354360045
2.9343972513941545	2.9303845024965547	0.02191669487675747	-3.2667696951263485	-37.834256532500184	9.135819866328623	0.048404652721132445	8.540560455438403
2.9343972513941545	2.9303845024965547	0.021916694876757483	-3.266769695126356	37.83425653250019	-9.129425234085943	0.04842455374851416	8.545907619347417
2.922110502732625	2.900310830790877	-0.022135578824111175	-3.446049554208075	-35.283477263340686	5.7759044460759	0.041926795762580744	2.6793443708785327
2.922110502732625	2.900310830790877	-0.02213557882411112	-3.4460495542080465	35.283477263340686	-5.772576621581123	0.04193786619903164	2.680779997308082
2.921503480378012	2.9029665606768993	0.022151764383443996	-3.454164349555941	-35.62295591840805	5.917696998236663	0.04154564213048911	4.039441893438741
2.921503480378012	2.9029665606768993	0.022151764383443986	-3.4541643495559353	35.62295591840805	-5.916023969015903	0.0415511909046938	4.03685627568245
2.938993065115774	2.900919569283561	-0.02222599554229364	-3.4919929931531772	35.3753005640609	-5.961166079927278	0.04098278846781407	4.376325641836084
2.938993065115774	2.900919569283561	-0.022225995542293653	-3.4919929931531835	-35.3753005640609	5.97691412500421	0.040931733599927286	4.35858229193791
2.954542061295608	2.940233484891616	-0.022008843320255076	-3.3152391116878377	39.477578280181206	-9.998739633433082	0.0462004078904507	8.596571632463764
2.954542061295608	2.940233484891616	-0.022008843320255076	-3.3152391116878377	-39.477578280181206	9.999212379447126	0.0461990614524301	8.583353372749531
1.6422392411436553	1.8012458192834988	0.022100343757645472	-3.4210007008427064	9.144686255299096	-1.6761957541411956	0.06801978854675517	8.927549390536836
1.6422392411436553	1.8012458192834988	0.022100343757645483	-3.4210007008427104	-9.144686255299096	1.6755627901594181	0.06803947798351365	8.921050657522624
1.5150582315881218	1.6829792167474351	0.022170431563270435	-3.4565276204467175	8.962917119884628	-1.5367033650104815	0.07302038331625685	7.674912211246621
1.5150582315881218	1.6829792167474351	0.0221704315632706	-3.456527620446802	-8.962917119884613	1.5341227307064926	0.07311255002213193	7.661396323849406
1.5671805251354534	1.730798998626834	0.022136474178603142	-3.4393837058493513	9.02071654995238	-1.5899128707660584	0.07118872387007169	1.2412126306313072
1.5671805251354534	1.730798998626834	0.02213647417860315	-3.4393837058493535	-9.02071654995238	1.5907494342512116	0.0711603328995625	1.2424662376067
1.51387260416298	1.6788141045968419	-0.02212474297356758	-3.4332817347352154	-8.957177171590871	1.5247168711161816	0.07473783536351429	1.803838465489809
1.51387260416298	1.6788141045968419	-0.022124742973567573	-3.433281734735214	8.957177171590871	-1.5272557355306873	0.07464439860551887	1.7828740616666074
1.5504095489330956	1.7148034827996255	-0.022125886464069832	-3.4338635309714425	-8.997727347770287	1.572162223707915	0.07235054184094197	0.33961102519690856
1.5504095489330956	1.7148034827996255	-0.02212588646406982	-3.4338635309714354	8.997727347770285	-1.5709566344686117	0.07239264759381787	0.34185067479165043
1.5113465893634563	1.6731985459936864	0.022078488760069265	-3.4097480654394436	-8.950228798450546	1.5171571789106402	0.07634798918707165	8.016961058443316
1.5113465893634563	1.6731985459936864	0.022078488760069244	-3.409748065439432	8.950228798450546	-1.5160838945340291	0.0763887551110453	8.021645315719292
1.490343324180552	1.6564706650279057	0.022155532931169314	-3.4490807183545407	-8.939828109894497	1.4994036105673736	0.07524275982473291	7.008947300225915
1.490343324180552	1.6564706650279057	0.02215553293116937	-3.449080718354571	8.9398281098945	-1.4976092707641815	0.07530972410035638	7.029576931906883
1.643325787568362	1.8020656410274483	-0.02208042251755317	-3.41073194140841	9.144918141223476	-1.675415331180723	0.06846187310547351	9.679485668775477
1.643325787568362	1.8020656410274483	-0.022080422517553506	-3.4107319414085797	-9.14491814122345	1.6800086247513875	0.06831798302472197	9.707502496704183
1.5173280048281095	1.6803904536150587	-0.022114234416985873	-3.4280682094249975	8.9590664429034	-1.5274749995951495	0.0748712309867526	1.4891499181850052
1.5173280048281095	1.6803904536150587	-0.022114234416985852	-3.428068209424988	-8.9590664429034	1.5238476118817896	0.07500507107468125	1.5171140618209424
1.5586545753737204	1.7221720820411344	0.022132029364558988	-3.4371222033076814	9.008470137237929	-1.579109969309112	0.07181652041694711	0.667395885228658
1.5586545753737204	1.7221720820411344	0.022132029364558974	-3.437122203307677	-9.008470137237929	1.5796078007278815	0.07179937749984447	0.6673795537094909
1.5401516917153084	1.7055578601482853	0.022138217567526805	-3.440137469902842	8.986635018643417	-1.5610338484260442	0.07259637129170028	1.024084818561864
1.5401516917153084	1.7055578601482853	0.02213821756752682	-3.4401374699028473	-8.986635018643417	1.5639731627454605	0.07249286705320748	1.0754045771577578
1.4981298370396103	1.6603305511251825	0.022081399262333868	-3.4112288991321877	-8.93938046107401	1.5003256533327143	0.07717344135773152	8.704116655983869
1.4981298370396103	1.6603305511251825	0.022081399262333865	-3.411228899132185	8.93938046107401	-1.5014230140649154	0.07713099816970763	8.708660881281515
1.564649247072024	1.7253475853619769	-0.022075200072614935	-3.408074815002048	-9.009981300977065	1.5845079212397017	0.07295790577120696	5.874290644247708
1.564649247072024	1.7253475853619769	-0.022075200072615025	-3.4080748150020943	9.009981300977067	-1.5801450885018742	0.07311139674181508	5.914958241378916
1.517486741705862	1.6809798117711456	-0.022120667443226622	-3.4313413059031737	-8.959877700289676	1.5263766060441366	0.07473157633134762	1.2325004523456762
1.517486741705862	1.6809798117711456	-0.022120667443226737	-3.4313413059032305	8.959877700289677	-1.526521124513632	0.07472626702852869	1.2308620746481105
1.6074047742549953	1.7690631674304995	0.022123082561634633	-3.4325701079101627	-9.08231731980009	1.633444449378036	0.06940810938199984	3.966020897110833
1.6074047742549953	1.7690631674304995	0.022123082561634512	-3.4325701079101005	9.082317319800088	-1.6407195918454907	0.06917311542208548	4.0022960591224415
1.4717670612292246	1.6364467429838274	0.022114849905463734	-3.428248243179146	8.92421290193796	-1.4721330587372528	0.07782072780977693	7.594945203013431
1.4717670612292246	1.6364467429838274	0.02211484990546376	-3.428248243179158	-8.924212901937961	1.468650904170829	0.07795756233608982	7.6793018552167
1.6083238064522605	1.7719971414148485	0.02215454663958511	-3.4485788973779314	9.088829527370759	-1.6425322947950782	0.06835999521689479	7.077142101854575
1.6083238064522605	1.7719971414148485	0.02215454663958505	-3.4485788973778972	-9.088829527370718	1.6408555311339814	0.06841316165442432	7.069719435831636
1.5725604363133148	1.734116108453179	0.022090617865247356	-3.4159192297188925	9.023100544941032	-1.595292162202563	0.07205392487753637	2.939915915590793
1.5725604363133148	1.734116108453179	0.022090617865247356	-3.4159192297188925	-9.023100544941032	1.592333474597666	0.07215598996588976	2.9613604252151466
1.571879545081683	1.7372098859117129	-0.02216449160496611	-3.4536388536016323	-9.03117741195031	1.5993308668250972	0.0700897463647489	5.299922177143839
1.571879545081683	1.7372098859117129	-0.02216449160496596	-3.4536388536015576	9.031177411950308	-1.5999799385304883	0.07006821500260917	5.302644564604605
1.5105444437939661	1.678428247065047	0.0221688800720941	-3.45573823765329	-8.958408438059353	1.5273406800075815	0.07347597556209179	7.768062515468715
1.5105444437939661	1.678428247065047	0.02216888007209443	-3.455738237653457	8.958408438059328	-1.5317068124336828	0.07331893170906532	7.781199646783386
